66 66 64 62 71 67 34 34 68 66 67 67 68 64 64 64 68 64 64 68 64 68 64 61 10 15 54 29 64 67 69 55
71 68 64 69 68 69 65 66 64 69 68 66 66 64 67 65 71 63 71 69 67 64 71 68 57 10 65 58 61 7 57 55
68 71 68 69 70 68 68 48 14 44 40 23 23 60 23 17 23 68 8 17 5 69 65 58 70 67 64 58 64 65 59 63
64 64 71 69 63 0 63 70 68 68 68 64 68 68 69 67 67 26 66 25 71 68 61 61 70 67 67 67 59 70 66 55
64 66 66 70 65 4 63 64 63 66 63 67 64 63 66 71 65 14 16 18 36 58 59 52 27 70 17 53 63 57 63 57
69 71 68 64 68 56 68 65 71 67 67 64 71 70 67 15 5 22 19 13 5 60 60 61 70 61 17 66 62 31 58 8
68 71 69 66 70 40 66 64 64 64 64 65 70 65 68 5 20 4 13 14 20 50 55 59 29 57 5 69 59 65 16 68
70 64 71 66 63 38 64 17 62 62 68 0 60 17 17 17 17 71 68 38 6 47 46 56 28 69 14 65 62 63 68 66
65 65 67 68 8 37 68 59 54 24 36 71 5 17 16 16 17 16 15 16 7 42 52 53 69 56 44 53 50 68 58 62
70 70 68 71 59 64 41 58 68 62 67 19 9 9 16 16 48 15 15 16 70 46 46 46 71 70 64 70 71 66 64 70
67 9 25 54 16 16 1 7 4 2 4 24 6 18 0 8 15 14 14 15 0 6 44 44 19 23 59 62 60 59 63 58
64 66 29 57 56 56 56 52 53 52 48 48 48 48 8 3 8 12 13 14 9 44 44 43 30 31 65 17 49 58 1 71
33 32 35 48 35 36 36 36 36 41 43 48 48 2 12 27 1 10 12 44 44 44 44 41 68 63 66 66 62 57 53 68
30 31 30 30 30 30 30 30 29 29 29 29 32 19 5 32 0 8 12 30 30 31 31 42 48 44 68 62 60 44 71 64
22 22 23 22 22 22 23 25 29 32 17 19 19 19 19 24 0 8 12 29 29 29 28 32 36 34 34 36 40 34 40 40
24 21 23 22 22 22 22 22 22 22 22 22 22 22 22 12 16 16 65 17 21 23 56 70 24 23 28 27 35 27 26 26
22 23 21 22 22 22 22 22 22 21 22 22 21 21 18 16 15 27 40 24 21 21 21 21 21 19 23 23 24 24 23 24
19 19 19 20 19 19 19 19 19 20 20 20 20 20 20 16 23 31 16 21 21 20 20 20 20 20 21 21 21 20 21 21
